[TEXTURES]
170	textures\UI.png	255	127	39
[SPRITES]
#number: 0 1 2 3 4 5 6 7 8 9
100000	77	31	85	38	170
100001	88	31	94	38	170
100002	97	31	105	38	170
100003	107	31	115	38	170
100004	117	31	125	38	170
100005	127	31	135	38	170
100006	137	31	145	38	170
100007	147	31	155	38	170
100008	157	31	165	38	170
100009	167	31	175	38	170

#skeleton
#time-score-life-world skeleton
200000	12	128	164	156	170
#card skeleton
300000	172	128	244	156	170

[ANIMATIONS]
100000	100000	100
100001	100001	100
100002	100002	100
100003	100003	100
100004	100004	100
100005	100005	100
100006	100006	100
100007	100007	100
100008	100008	100
100009	100009	100

200000	200000	100
300000	300000	100
[ANIMATION_SETS]
#number
100000	100000	100001	100002	100003	100004	100005	100006	100007	100008	100009

200300	200000	300000
