[SETTINGS]
#cell_size	num_col_cells	num_row_cells
155	30	30
[OBJECTS]
#index_col	index_row	object_id
#row 0
0	0	1
1	0
2	0
3	0
4	0
5	0
6	0
7	0
8	0	9	104	105	106
9	0	92	93	107	108	109
10	0	110	111	112	113	114	115	116	117
11	0	118	119	120	121
12	0
13	0
14	0	21	53	130
15	0
16	0
17	0
#row 1
0	1	122	123
1	1	59	64	67	70	122	123
2	1	122	123
3	1	28	128
4	1
5	1	96	97
6	1	98	
7	1	39	100	101	102	103	144	145	146
8	1	144	145	146	62	66
9	1	10	11	144	145	146
10	1	124	125
11	1	124	125
12	1	124	125
13	1	129
14	1	34
15	1
16	1	55	56
18	1	127
#row 2
0	2	2
1	2	2	24	25	54	57	58	68	69	94
2	2	2	3	26	60	71	122	123
3	2	2	27	29	35	36	95
4	2	4	61	63	65	72
5	2	4
6	2	55	99
7	2	5	146
8	2	5	30	31	32	62	66
9	2	5	6	12	62	66
10	2	7	13	14	15	16	17	18	127
11	2	7	19	125	127
12	2	7	20	73	74	75	76	80	81	82	85	86	124	127
13	2	7	33	37	38	77	78	79	83	84	87	88	88	89	90	91	126
14	2	7	8	22	23	148
15	2	8
16	2	8
17	2	8	127	
#row 3
0	3	1
1	3
2	3
3	3
4	3
5	3
6	3
7	3
8	3	9
9	3
10	3
11	3
12	3
13	3
14	3	40	50	51	147
15	3	44	45	46	47	132	135	136	137	138	139	140	141	142	143	
16	3	48	49	52	131
17	3
#row 4
0	4
1	4
2	4
3	4
4	4
5	4
6	4
7	4
8	4
9	4
10	4
11	4
12	4
13	4
14	4	41
15	4	42	43	133	134
16	4
17	4