[SETTINGS]
#cell_size	num_col_cells	num_row_cells
155	30	30
[OBJECTS]
#index_col	index_row	object_id
#row 0==========================
0	0	0
#row 1===========================
0	1	52	115	117	
1	1	118	117	116
2	1	88	89	90	91	92	93	94	98	119
3	1	18	16	118	119	120	53	84	
4	1	16	17	18	19	121	53	95	130
5	1	96	97	99	100	120
6	1	122	53
7	1	53	58	59	60	61	62	123	131	8	1	65	101	102	103
9	1	66	67	68	69	104	105	106	125	124
10	1	126	127
12	1	112	113	114	127	128	129	134
13	1	6
11	1	76	77	112	113	111
15	1	2	132
16	1	2	85	86
17	1	87
18	1	132
#row 2===============================
0	2	0	1
1	2	7	8	9	10	83	140
2	2	1	11	12	13	14	15	138
3	2
4	2	20	21	22	23	24	27	28	119	142	143
5	2	25	26	29	30	31	32	33	34	35	121	122	144	
6	2	36	37	38	39	40	41	42	43	44	45	46	47	48	49	50	51	52	145
7	2	53	54	55	56	57
8	2	63	64	123
9	2	70	71	72	107	108	109	110	111	124	125	126
10	2	73	74	75
11	2	78	79	80	81	128	129	130
12	2	4	5	115	133	135	136	137	138
13	2	2	87	115
14	2	3	4	115
15	2	133
#row 3===============================
16	3	82